1241	-0.177550	0.094775	0.009325	-0.122045	1
0704	0.065570	0.227310	0.114675	0.011271	0
0822	-0.200865	-0.415615	0.622735	-0.071875	1
1082	-0.255950	0.332430	-0.002499	-0.326030	1
0038	0.181445	0.040661	0.081385	0.038814	0
0168	0.051175	0.345050	-0.100310	-0.135625	0
0224	0.232320	0.526630	-0.229260	-0.210300	0
0648	0.188955	0.128810	0.065490	0.028275	0
0326	0.222745	0.124880	0.051565	0.048447	0
0559	0.219230	-0.243970	0.168310	-0.001466	0
0342	-0.059020	0.575465	0.007783	-0.340970	0
1219	-0.272070	0.361815	0.005469	-0.378210	1
0303	0.084245	0.437445	-0.063205	-0.069290	0
1125	-0.087945	-0.323120	0.423865	0.015991	1
0794	-0.114300	-0.272420	0.290195	0.044116	1
0081	0.140165	0.454310	-0.168340	-0.051120	0
0608	0.287280	0.509040	-0.239285	-0.216830	0
0539	0.036126	-0.002691	0.283515	-0.067545	0
0256	0.207125	-0.183960	0.191405	0.081485	0
0237	-0.066370	0.474900	0.122040	-0.263445	0
1210	-0.034539	-0.025039	-0.017709	0.023749	1
0109	0.155300	0.477070	-0.212680	-0.200150	0
0049	0.195510	0.303250	-0.122670	-0.034117	0
1110	-0.020429	0.154885	-0.148035	-0.134460	1
1339	0.079050	0.043455	-0.115690	0.041206	1
1127	-0.167910	-0.362020	0.572095	-0.028557	1
0337	0.198300	0.196065	0.035287	0.016831	0
0187	0.162925	-0.223070	0.190120	-0.007544	0
1260	-0.091935	-0.315050	0.282530	0.009784	1
0004	0.172830	0.476140	-0.200560	-0.179720	0
0427	-0.076110	0.542045	0.139135	-0.204870	0
0020	0.262115	0.551360	-0.217650	-0.205065	0
0939	-0.218865	-0.275835	0.546950	-0.020410	1
1052	-0.188735	0.125810	0.041671	-0.015497	1
0260	0.151645	0.114740	0.105675	0.017542	0
0963	-0.090380	-0.440655	0.435430	-0.010841	1
1183	-0.252385	-0.290115	0.562200	-0.019505	1
0597	0.032749	0.259075	0.053365	-0.021057	0
1116	-0.014929	0.123845	-0.147560	-0.033083	1
0092	0.203160	0.179200	0.036273	0.019741	0
0410	0.032148	0.355090	0.017465	-0.020669	0
0182	-0.005892	-0.078945	0.401500	-0.001402	0
0311	0.201075	-0.135020	0.124785	0.018318	0
0310	0.212390	0.384780	-0.138480	-0.053835	0
1109	0.072505	0.180335	-0.202785	-0.079830	1
1323	-0.048663	-0.320840	0.280130	0.051615	1
0061	0.144400	0.022348	0.229535	-0.012199	0
0576	0.130520	0.400405	-0.011796	-0.088040	0
0758	0.133030	0.158405	0.098095	0.009331	0
1315	-0.175300	-0.628335	0.758030	-0.037608	1
0249	0.018990	0.035490	0.037860	-0.022220	0
0522	0.040678	0.457830	-0.107460	-0.209070	0
1308	-0.132030	-0.220795	0.299150	-0.006962	1
0447	0.122635	0.148265	0.010011	-0.002824	0
0730	-0.047962	0.004552	0.311020	-0.074140	0
1370	-0.187515	-0.672930	0.879660	-0.138855	1
1044	-0.135140	0.081635	0.041799	-0.004570	1
0760	0.000864	0.434650	0.069945	-0.198340	0
0376	0.029418	0.538635	-0.069420	-0.216380	0
1122	-0.233825	-0.283180	0.548450	-0.016725	1
1006	-0.144950	-0.030212	0.130225	0.068880	1
1160	-0.128250	-0.289495	0.300610	0.002348	1
0991	-0.228850	0.172575	0.033360	-0.047371	1
1332	0.011216	-0.026074	-0.020193	0.060085	1
0799	-0.274505	0.455240	-0.019379	-0.298815	1
1084	-0.034940	-0.168855	0.206055	0.075215	1
0481	0.047366	-0.028557	0.359515	-0.033794	0
1077	-0.027678	-0.396165	0.335780	0.037197	1
0854	-0.156830	0.021106	0.131125	-0.003212	1
0384	0.190585	0.507285	-0.202315	-0.228145	0
0495	0.128490	-0.220380	0.299280	0.003900	0
0922	-0.144165	0.088565	0.034473	-0.023190	1
0863	-0.062120	-0.085875	-0.026277	-0.010518	1
0425	0.097145	0.319805	0.004612	0.029051	0
1067	-0.131430	0.009001	0.089780	0.048641	1
0312	0.251485	-0.248520	0.175125	-0.011876	0
0694	0.077390	0.459070	-0.081630	-0.086875	0
1069	0.015902	-0.049663	0.054735	0.044310	1
1088	0.025900	0.012933	-0.042043	0.048059	1
0302	0.148595	0.341845	-0.013510	0.035646	0
0650	-0.019194	-0.052355	0.402570	0.024784	0
0497	0.168780	-0.204755	0.218350	0.053490	0
0983	-0.175900	0.143815	0.007740	-0.060430	1
0895	-0.091955	-0.454415	0.462080	-0.005216	1
0532	0.167915	0.517835	-0.186505	-0.184955	0
0102	0.227985	-0.121055	0.132065	0.080840	0
0585	0.016783	0.341845	0.034859	-0.027846	0
0886	0.001511	-0.052560	0.070120	0.038685	1
0281	0.010489	-0.023073	0.386335	0.045473	0
0089	0.205985	-0.139780	0.103535	0.033706	0
0642	0.047113	0.292805	0.093810	-0.016272	0
0687	0.038082	0.291045	0.059795	-0.032307	0
0834	-0.141335	-0.452035	0.453470	-0.049117	1
0919	0.119585	0.227825	-0.249440	-0.144935	1
1049	-0.042355	0.156645	-0.150560	-0.146940	1
1187	-0.212200	-0.653170	0.855580	-0.140085	1
1190	-0.124705	0.177235	-0.068605	-0.142415	1
0825	-0.021470	-0.007347	0.002213	-0.007803	1
0454	0.178805	0.488765	-0.198975	-0.173190	0
1004	-0.191015	-0.652755	0.847915	-0.115260	1
1299	-0.048035	0.134815	-0.156130	-0.065605	1
0783	-0.017405	-0.019348	-0.023921	0.031314	1
0504	0.246470	0.013864	0.010396	0.016831	0
0993	-0.073905	0.007139	-0.058110	-0.024290	1
0191	0.046485	-0.189855	0.232145	-0.014785	0
0415	0.099090	0.463105	-0.176050	-0.093600	0
0369	0.174925	0.158195	0.011339	-0.008255	0
0160	0.067830	0.211790	0.106705	0.016055	0
0513	0.133240	0.537700	-0.169970	-0.208425	0
0202	0.200130	-0.179715	0.177865	0.013405	0
0066	0.126835	0.129950	0.104690	0.010043	0
0798	0.040792	0.242000	-0.263065	-0.304115	1
1234	-0.352105	0.460000	0.012967	-0.234160	1
0420	0.097860	-0.255765	0.430635	-0.071485	0
1147	-0.186500	-0.648615	0.649085	-0.134200	1
0112	0.075900	0.284730	0.004741	-0.001337	0
0352	0.025975	-0.163165	0.154475	-0.049245	0
0289	0.022063	0.147435	0.216125	0.035775	0
0530	-0.069425	0.625130	0.034559	-0.377435	0
0429	0.171230	-0.007347	0.040171	0.014568	0
1353	0.074480	0.171440	-0.201545	-0.071295	1
0178	0.182910	0.284320	-0.085785	-0.011876	0
1359	-0.050580	-0.009519	-0.045299	0.000150	1
1046	-0.000745	-0.051215	-0.047012	0.032478	1
0709	0.258655	0.198030	-0.099150	0.020387	0
0990	-0.337630	0.440860	-0.003099	-0.186250	1
1193	-0.220090	-0.646855	0.782795	-0.084030	1
1297	-0.179665	0.011484	0.035630	-0.016660	1
1072	-0.126865	-0.347950	0.440270	0.076445	1
1059	-0.078105	-0.110605	0.212955	0.013986	1
1180	-0.163890	0.090115	0.009025	-0.119655	1
0305	0.118645	0.523630	-0.150435	-0.160065	0
0336	0.173335	-0.203620	0.214410	0.077090	0
0809	-0.151325	-0.003104	0.034302	-0.002759	1
0670	0.218170	0.023176	0.071405	0.101010	0
0698	0.180385	0.342880	-0.058110	0.014116	0
0116	0.126655	0.145675	-0.041100	-0.006122	0
1018	-0.046794	-0.255040	0.226835	0.069330	1
0404	0.154320	-0.129225	0.111545	0.015474	0
0331	0.053035	0.122710	0.125940	-0.008514	0
0946	-0.088485	0.171645	-0.060720	-0.118945	1
0076	0.115330	0.176820	0.028776	0.020969	0
0600	0.196460	-0.145780	0.110645	0.015409	0
0499	0.028530	-0.001240	0.062105	-0.028105	0
0605	-0.132395	0.506870	-0.066550	-0.273535	0
0613	-0.056955	0.090635	0.345720	0.035064	0
1115	-0.052775	0.039730	-0.084840	-0.023384	1
0444	0.183510	0.149710	0.042571	0.015344	0
0474	0.141045	0.365540	-0.040929	-0.093920	0
0827	-0.210550	-0.623680	0.748520	-0.069420	1
0547	0.072535	0.439515	-0.111620	-0.032630	0
0195	-0.117050	0.618920	0.035202	-0.379180	0
0675	0.068770	0.443965	-0.095680	-0.026876	0
0814	-0.106665	0.078425	-0.004213	-0.087265	1
0383	0.043101	0.134815	0.214540	0.027370	0
0742	0.179310	-0.154785	0.140465	0.012241	0
1145	-0.069975	-0.095810	0.125770	0.029956	1
0765	-0.083385	-0.357675	0.394645	0.048383	1
1071	-0.157115	-0.651825	0.783865	-0.033083	1
0121	0.173210	0.534390	-0.170355	-0.205450	0
0482	0.141305	0.470035	-0.165170	-0.052545	0
0899	-0.262030	0.331290	-0.009954	-0.343035	1
0052	0.263100	0.199170	-0.077860	0.050515	0
0170	0.005870	0.313805	-0.077475	-0.123730	0
0555	0.132315	-0.240760	0.317745	0.000150	0
1001	-0.144145	0.194820	-0.009440	-0.058360	1
0898	-0.014348	0.158920	-0.178835	-0.159480	1
0134	0.021695	0.276975	0.101650	-0.020216	0
0299	0.057150	0.041696	0.272760	-0.028492	0
0891	-0.083185	0.164405	-0.113505	-0.111120	1
0082	0.223410	0.114535	0.047883	0.041529	0
1281	-0.167765	0.017796	0.132365	-0.018923	1
0617	0.197300	0.342570	-0.077215	-0.027910	0
0143	0.208680	0.166680	-0.071220	0.030215	0
0199	0.201075	-0.109570	0.123240	0.057045	0
0561	0.202230	0.558705	-0.217910	-0.237005	0
1262	-0.095580	-0.308015	0.280300	0.024267	1
0057	0.128175	0.338845	-0.030990	0.019288	0
0232	-0.116805	0.598020	0.154175	-0.272175	0
0641	0.208325	-0.022245	0.011724	0.013922	0
1170	0.049148	0.171130	-0.198460	-0.085580	1
0701	0.196310	0.301495	-0.100780	-0.003277	0
0120	0.046485	-0.189855	0.232145	-0.014785	0
1034	0.075385	0.097980	-0.152920	-0.006122	1
0271	0.192085	0.501075	-0.213495	-0.245795	0
0108	-0.092920	0.394300	-0.083215	-0.091920	0
0639	0.136065	0.352500	-0.029404	0.020905	0
0903	-0.144785	-0.601025	0.595745	-0.137760	1
1033	0.008179	-0.167920	0.068745	0.067845	1
1292	0.026187	0.182200	-0.203730	-0.099545	1
0405	0.018990	0.035490	0.037860	-0.022220	0
1042	0.013666	0.243865	-0.245970	-0.290990	1
0995	-0.043670	0.082665	-0.109820	-0.039031	1
0013	0.094965	0.383125	0.007697	-0.155540	0
0964	-0.169315	-0.649445	0.652725	-0.136010	1
0853	-0.244305	0.352710	-0.008626	-0.347950	1
1361	-0.012373	0.096840	-0.123485	-0.040259	1
0074	0.208270	-0.172475	0.182150	0.054395	0
0304	-0.095885	0.584470	0.127270	-0.163815	0
1137	-0.020823	0.016244	-0.016809	-0.018018	1
0205	0.041646	0.377020	0.032503	-0.046272	0
1058	-0.102205	0.061355	0.009282	-0.054550	1
0050	0.081745	0.164300	0.143765	0.004353	0
0700	0.195830	0.512455	-0.204630	-0.223295	0
0824	-0.098950	0.161505	-0.067875	-0.129095	1
1048	0.053185	0.184785	-0.207970	-0.096895	1
0088	0.043802	0.340705	0.042099	-0.008578	0
1232	-0.038924	0.170095	-0.174295	-0.177845	1
1023	-0.033004	-0.161300	0.190290	0.059180	1
0164	0.120040	0.467965	-0.167825	-0.167630	0
0048	-0.039345	0.478315	-0.189335	-0.375170	0
0099	0.191000	0.546395	-0.200560	-0.251420	0
0745	0.249260	0.417580	-0.127125	-0.064115	0
0259	0.187200	0.039730	0.047926	0.050385	0
0878	-0.256080	-0.265590	0.519230	-0.053060	1
0496	-0.006312	0.516080	-0.185605	-0.305925	0
0293	0.206745	0.305945	-0.121470	-0.009807	0
1320	0.033183	-0.002277	-0.009397	0.011724	1
0805	-0.014008	0.153645	-0.169285	-0.145775	1
1212	-0.219835	0.248005	-0.032446	-0.273595	1
1249	-0.209790	-0.409095	0.606455	-0.080085	1
0132	0.256510	0.433515	-0.144565	-0.075430	0
1360	0.003306	0.124570	-0.147005	-0.031078	1
0978	-0.061950	-0.327050	0.240755	-0.001660	1
0840	-0.067070	-0.103880	0.140465	0.030344	1
1132	-0.201070	-0.640030	0.780995	-0.047824	1
0536	0.097380	-0.238690	0.426350	-0.093340	0
0216	0.304595	0.148365	-0.066335	0.072755	0
0136	0.208025	0.560980	-0.180680	-0.204095	0
0521	0.159480	0.287630	-0.009269	-0.015044	0
1333	0.045204	0.168540	-0.224935	-0.184825	1
0896	-0.031649	-0.256385	0.228120	0.073985	1
0554	0.153360	-0.220585	0.191190	-0.040841	0
0598	0.280420	0.515045	-0.240015	-0.217670	0
0537	0.138295	0.033108	0.207470	-0.014203	0
0671	0.174100	-0.208170	0.175040	-0.003923	0
0808	-0.214660	0.167095	0.038629	-0.049893	1
0892	-0.027504	0.143295	-0.082440	-0.121595	1
0942	-0.086395	-0.342050	0.447470	0.034029	1
1298	-0.108370	0.006208	-0.052325	-0.043104	1
0284	0.016115	-0.044904	0.404415	0.034611	0
0196	-0.092920	0.394300	-0.083215	-0.091920	0
0433	0.258880	0.411580	-0.162555	-0.078470	0
0472	0.019780	0.344330	0.052940	-0.033794	0
0095	0.163590	0.089185	0.105805	0.030667	0
0977	-0.114935	-0.261350	0.281500	0.045861	1
1149	-0.013327	-0.032281	-0.021007	0.044568	1
1103	0.036880	0.242625	-0.239930	-0.283295	1
0693	0.198855	0.557565	-0.196360	-0.217220	0
0747	0.232495	0.381680	-0.097135	-0.018729	0
0786	-0.083310	-0.015003	0.071190	0.001249	1
0517	-0.119915	0.630300	0.147320	-0.289440	0
0322	0.186760	0.479555	-0.195160	-0.167435	0
0839	-0.116055	0.158300	-0.050010	-0.135755	1
0958	-0.025502	-0.011796	0.001014	0.038167	1
1153	-0.124175	-0.372470	0.344820	-0.032242	1
0686	0.203575	0.381990	-0.104120	-0.058490	0
0059	0.156885	-0.205480	0.228505	0.049482	0
0268	0.192480	0.489695	-0.207540	-0.222910	0
0738	0.207710	0.363780	-0.123830	-0.060495	0
0240	0.119760	0.475415	-0.158915	-0.150430	0
1036	-0.199670	0.291665	0.027362	-0.246895	1
0731	0.143360	0.500040	-0.160245	-0.155475	0
0028	-0.019107	0.419545	0.108120	-0.187025	0
0494	0.140420	0.565225	-0.166970	-0.220970	0
0127	-0.117150	0.647580	0.166425	-0.297130	0
0269	0.046485	-0.189855	0.232145	-0.014785	0
0997	-0.115710	0.104190	-0.023407	-0.083835	1
0725	0.256065	0.427825	-0.169585	-0.077370	0
0409	0.211150	0.056595	0.036101	0.048059	0
0655	0.175635	0.145365	0.052895	0.020387	0
1101	0.071890	0.033419	-0.101335	0.051355	1
0091	0.074030	0.381885	-0.139380	-0.051705	0
1108	0.060990	0.104910	-0.159770	0.006422	1
0263	0.090570	0.380335	-0.048940	-0.123340	0
1227	-0.203395	0.124775	0.039786	-0.055195	1
1086	-0.133245	-0.640650	0.633445	-0.095410	1
0149	0.181385	0.049145	0.034431	0.031702	0
1179	-0.103770	0.063835	-0.032103	-0.063210	1
0479	-0.088905	0.042730	0.356515	0.001379	0
0079	0.012418	0.382195	0.049425	-0.043686	0
0630	0.187850	-0.271180	0.191275	-0.062630	0
1284	0.007712	0.005897	-0.084115	0.029762	1
0036	0.121955	0.322085	-0.040372	-0.034570	0
0888	-0.163460	-0.637030	0.777865	-0.007091	1
1351	-0.010944	-0.110190	-0.004770	0.028211	1
0557	0.078365	0.396370	-0.002842	-0.108470	0
0007	0.179560	0.150645	0.036444	0.028211	0
0980	0.083995	0.210340	-0.226990	-0.119655	1
0664	0.188990	-0.165545	0.132455	0.003318	0
1310	-0.214435	-0.393165	0.591935	-0.094890	1
1192	-0.128325	-0.344120	0.377080	0.035387	1
1196	-0.098625	0.144125	-0.115430	-0.118620	1
0217	0.066170	0.164820	0.011810	-0.005992	0
0766	-0.192415	-0.640235	0.784120	-0.064050	1
1276	-0.154930	-0.523010	0.448585	-0.117135	1
0662	-0.005998	0.343705	0.045998	-0.033470	0
0203	-0.039345	0.478315	-0.189335	-0.375170	0
0860	-0.293650	0.458760	-0.013724	-0.302110	1
0746	0.037868	0.151470	0.145820	-0.003406	0
0900	-0.072230	0.107190	-0.023621	-0.083385	1
1294	-0.198490	0.184060	-0.030004	-0.200665	1
0009	0.160160	0.287940	-0.037673	-0.030626	0
0242	-0.069655	0.078320	0.376910	0.039202	0
0882	-0.224305	-0.664445	0.865435	-0.160970	1
0726	0.180905	-0.187270	0.141365	-0.035604	0
0396	0.063080	0.221515	-0.066675	-0.087585	0
1172	-0.192760	0.176095	-0.019208	-0.193040	1
0510	-0.014755	0.452445	-0.026363	-0.103945	0
0423	0.241840	0.500660	-0.216195	-0.216380	0
0768	-0.114020	-0.015313	0.066735	0.068815	1
1118	-0.099405	0.049973	-0.014281	-0.035022	1
0387	-0.124765	0.557360	0.096765	-0.173190	0
0930	-0.195860	0.133260	0.039443	-0.039095	1
1222	-0.091780	-0.337810	0.252925	-0.027522	1
1038	-0.089880	-0.338430	0.333765	0.044956	1
0391	-0.018140	0.414475	-0.096065	-0.166660	0
0063	0.212930	0.564810	-0.204715	-0.217285	0
0665	0.267930	0.187785	-0.086725	0.053945	0
0316	0.016460	-0.222760	0.228590	-0.049440	0
0818	-0.129400	0.193270	-0.016680	-0.063985	1
1208	-0.189650	-0.635475	0.639785	-0.141250	1
0719	0.204660	0.270660	-0.091095	0.011788	0
0720	0.088740	-0.038489	0.279270	0.065195	0
0351	-0.062640	0.510180	0.108935	-0.280190	0
0867	-0.207045	0.173095	-0.023921	-0.194395	1
0615	0.125445	0.342050	-0.001471	0.022456	0
0155	0.096790	0.408270	-0.001171	-0.112930	0
0550	0.176440	0.035798	0.097535	0.096875	0
0661	0.213780	-0.132640	0.106875	0.047219	0
0706	0.218200	-0.155195	0.118785	0.039266	0
0189	0.228225	-0.181375	0.143420	0.013857	0
0190	0.136825	-0.251625	0.333040	-0.028945	0
1124	0.013319	0.036626	-0.033946	0.001767	1
0944	-0.156365	-0.355605	0.569485	-0.004182	1
1325	0.003126	0.146505	-0.177335	-0.133685	1
0680	0.038903	0.332120	-0.057125	-0.052865	0
1256	-0.125420	-0.011382	0.074400	0.060345	1
1309	-0.231690	-0.637545	0.835830	-0.160840	1
0042	-0.010310	0.461035	-0.185220	-0.340515	0
0769	-0.087910	0.136985	-0.126615	-0.111700	1
0100	-0.137095	0.570190	0.126970	-0.278965	0
1136	-0.081930	0.167920	-0.086510	-0.178230	1
1166	-0.190265	0.121365	0.034045	-0.054355	1
0777	-0.295170	0.328395	0.033831	-0.333985	1
1102	0.109715	0.227515	-0.248800	-0.136270	1
0779	-0.038731	-0.093840	0.120115	0.056595	1
0209	0.105295	0.380230	-0.023878	-0.092305	0
0084	0.093320	0.388815	-0.011925	-0.148170	0
0755	0.119845	0.011795	0.242385	0.071850	0
0251	0.228455	-0.222760	0.158845	0.000215	0
0077	0.189675	0.399265	-0.127385	-0.093600	0
0229	0.156095	-0.156850	0.096295	-0.018729	0
0562	-0.016865	-0.032488	0.383295	0.036163	0
0654	0.167885	-0.215310	0.301205	0.009137	0
0953	-0.064230	0.163575	-0.088355	-0.163040	1
0443	0.167950	0.490110	-0.191045	-0.185665	0
0937	-0.063930	-0.120435	0.228675	0.023814	1
1056	-0.030127	0.086185	-0.107505	-0.038514	1
0861	-0.173025	0.134505	0.008083	-0.051120	1
1007	-0.049097	0.139780	-0.061705	-0.078340	1
1107	-0.006345	-0.057525	-0.047569	0.028922	1
1065	-0.184805	-0.683895	0.878975	-0.130905	1
0905	0.025113	0.032694	-0.058965	0.019999	1
1123	-0.101425	0.192340	-0.031718	-0.058750	1
0714	0.204810	0.509455	-0.196615	-0.209135	0
1334	-0.143095	0.225965	-0.029062	-0.213145	1
0640	0.194230	-0.151680	0.126670	0.010107	0
0535	0.241390	0.387990	-0.122455	-0.061080	0
1140	-0.076140	-0.323945	0.287840	0.043663	1
0801	-0.103155	-0.075735	0.060950	0.022262	1
0201	-0.104485	0.541325	0.118015	-0.170990	0
0350	-0.214295	0.426170	0.156960	-0.045820	0
0732	0.050910	0.455450	-0.031032	-0.085645	0
0773	-0.120575	-0.456795	0.467220	-0.032630	1
1247	-0.122805	-0.227830	0.322670	-0.002824	1
1146	-0.116105	-0.466520	0.461650	-0.039936	1
0542	0.183335	0.215100	0.027962	0.016896	0
0989	-0.184085	0.161195	-0.034674	-0.170020	1
1013	-0.113385	0.164820	-0.112815	-0.123210	1
0538	-0.005324	-0.038386	0.387875	0.032090	0
0623	0.252145	-0.026487	0.025220	0.055300	0
1199	-0.089430	-0.317430	0.280770	0.021292	1
0356	-0.010831	0.401645	0.094240	-0.194265	0
0465	0.287015	-0.022142	0.019008	0.068815	0
0582	-0.098335	0.590260	-0.020236	-0.393595	0
0869	-0.224980	0.171440	0.028133	-0.058360	1
0212	0.175780	0.509455	-0.213795	-0.248900	0
1198	-0.041027	0.032591	-0.024435	-0.026358	1
0245	0.121435	0.469105	-0.162385	-0.072715	0
0821	-0.200125	-0.674895	0.883860	-0.166010	1
0275	0.263780	0.006932	0.006069	0.057175	0
0206	0.240385	0.111635	-0.013167	0.077670	0
0548	0.173235	-0.195860	0.198730	0.018060	0
0287	0.067095	-0.221105	0.404500	-0.086745	0
0932	-0.024621	0.044696	-0.081415	-0.028427	1
1039	-0.035434	-0.278010	0.202415	0.045150	1
0221	-0.111305	0.626990	0.147190	-0.176290	0
0402	0.110615	-0.291975	0.388435	-0.042651	0
0035	-0.080810	0.040454	0.408140	0.030409	0
0086	0.201480	0.133780	0.040343	0.035840	0
0235	0.136480	0.143505	0.025562	0.025495	0
0157	0.121130	-0.228760	0.297350	0.010754	0
0332	0.102105	0.062180	0.210855	0.045215	0
0737	-0.035280	0.436205	0.111075	-0.229825	0
0580	0.057940	0.446655	-0.104035	-0.056360	0
0633	0.184705	-0.197410	0.213125	0.057885	0
0560	0.100825	-0.012623	0.258535	0.053815	0
0401	0.065245	-0.007761	0.324555	-0.037673	0
0440	0.236425	0.105325	-0.014153	0.078125	0
0635	0.341240	0.260935	-0.127125	0.027305	0
0629	0.176255	0.036005	0.084640	0.032219	0
0695	0.037027	0.018313	0.109960	0.024202	0
0881	-0.117590	-0.241795	0.332395	-0.003018	1
1252	-0.038844	0.006518	-0.001557	-0.017695	1
0813	-0.103295	0.052560	-0.023149	-0.054870	1
1213	-0.122800	-0.012209	0.070205	-0.022932	1
1226	-0.326175	0.480070	-0.012696	-0.348210	1
0676	-0.008341	0.294870	0.024920	-0.035022	0
0624	0.188790	0.358915	-0.075975	0.020064	0
0265	0.124150	0.330775	-0.039644	-0.045432	0
0529	0.181220	0.073045	0.067505	0.096420	0
0614	0.246245	0.034453	0.038672	0.060475	0
0394	0.189155	0.502630	-0.194345	-0.186830	0
0436	0.060690	0.439930	-0.108360	-0.037091	0
0927	-0.011678	0.162025	-0.153345	-0.138920	1
0054	0.127450	0.307495	-0.058025	-0.061855	0
1233	-0.206220	0.189545	-0.032660	-0.209010	1
0348	0.166495	0.045627	0.079030	0.019676	0
1081	-0.013534	0.163370	-0.177810	-0.154440	1
0330	0.084940	0.145470	0.145220	0.005517	0
1022	-0.063960	0.106880	-0.023792	-0.069870	1
0802	-0.045659	-0.100565	-0.009783	0.003318	1
0324	0.194200	0.501385	-0.196490	-0.204095	0
1015	0.007165	-0.054425	0.050195	0.024396	1
0135	-0.052005	0.469935	0.042999	-0.266680	0
0683	0.186605	-0.194200	0.167885	-0.000302	0
0917	-0.026950	-0.258350	0.171995	0.002607	1
0528	0.126640	0.376400	-0.020965	-0.132390	0
0364	0.140250	0.028866	0.067120	0.060665	0
0011	0.061235	0.438895	-0.110675	-0.040324	0
1265	-0.332550	0.339670	0.034302	-0.379435	1
0792	-0.223895	0.368540	-0.015609	-0.338770	1
1366	-0.225230	-0.290630	0.544335	-0.026423	1
0453	0.038562	0.454310	-0.061405	-0.074980	0
0315	0.059055	0.419235	-0.102835	-0.045173	0
1331	-0.055025	-0.362540	0.300695	0.018448	1
0684	0.216825	-0.179200	0.184420	0.037456	0
0790	0.052760	0.059285	-0.132055	0.005517	1
0588	0.071380	0.419235	-0.104975	-0.098385	0
0491	0.096605	0.302115	0.013010	-0.102650	0
0590	0.046806	0.432065	-0.081755	-0.065215	0
0572	0.112585	-0.257110	0.214580	-0.062435	0
0105	0.210135	0.011381	0.048054	0.048641	0
0461	0.048287	0.419650	-0.068050	-0.073295	0
0371	0.112630	0.498180	-0.158745	-0.149720	0
0702	0.279550	0.523215	-0.219195	-0.216895	0
0488	0.173880	0.440550	-0.159430	-0.046143	0
0626	0.204740	-0.148370	0.118445	0.037715	0
0126	0.149700	0.360055	-0.060765	0.016055	0
1335	-0.054165	-0.015624	0.064075	0.020646	1
0408	-0.003101	0.309875	0.054950	-0.056550	0
1253	-0.135415	-0.341330	0.376695	0.029504	1
0603	0.139155	0.548980	-0.177850	-0.220195	0
0485	0.237160	0.105430	0.006840	0.082715	0
0637	0.107630	-0.308325	0.404155	-0.017178	0
1168	-0.043937	-0.110605	-0.002585	0.004999	1
0578	0.194810	-0.239520	0.169770	-0.026876	0
1011	-0.149575	-0.331290	0.432605	0.090990	1
0140	-0.010310	0.461035	-0.185220	-0.340515	0
0300	0.114640	0.451930	-0.162085	-0.064955	0
0992	-0.149415	0.015623	0.022521	0.003448	1
1129	-0.109010	0.168955	-0.061280	-0.133105	1
0166	0.209635	-0.163370	0.129195	0.010883	0
0994	-0.023326	0.116915	-0.149060	-0.052155	1
0660	0.109405	0.136780	0.066390	-0.009160	0
0227	0.028530	-0.001240	0.062105	-0.028105	0
0419	-0.062880	0.079460	0.350390	0.021228	0
1085	-0.074000	-0.526220	0.495880	-0.025130	1
0181	0.082130	0.150745	0.011425	-0.007350	0
0192	0.198315	0.508420	-0.205655	-0.230280	0
0349	0.155440	0.155610	0.040429	0.021680	0
0307	0.013726	0.460930	-0.164315	-0.242240	0
0727	0.002025	0.426170	0.072305	-0.196530	0
1055	-0.015216	0.132640	-0.138780	-0.032824	1
1206	-0.083205	-0.068390	0.099850	0.026142	1
0483	0.000356	0.418305	0.025391	-0.190775	0
1345	0.067255	0.011795	-0.093925	0.066290	1
0651	0.010542	0.471795	-0.004727	-0.092950	0
0373	0.037154	0.558500	-0.069120	-0.203640	0
0910	-0.086610	-0.464140	0.385950	-0.085840	1
0889	-0.128505	-0.342260	0.449995	0.106765	1
0859	0.012972	0.250485	-0.251970	-0.319310	1
1064	-0.100330	-0.335950	0.450810	0.004999	1
0321	0.025975	-0.163165	0.154475	-0.049245	0
0979	0.037948	0.014588	-0.082530	0.041917	1
1185	-0.036755	0.086805	-0.074690	-0.057910	1
0243	0.082030	0.177440	0.069820	-0.018212	0
0018	0.040178	0.142365	0.217195	0.030085	0
0526	0.063730	0.440860	-0.076615	-0.089785	0
0431	0.078455	0.317325	-0.009140	-0.120495	0
1337	-0.102725	-0.543395	0.474630	-0.070580	1
1266	-0.127315	0.155505	-0.041614	-0.151790	1
1216	-0.035747	-0.222240	0.111205	0.024913	1
0778	-0.091075	0.137605	-0.036131	-0.117650	1
0901	-0.032884	-0.140090	0.185575	0.049870	1
0208	0.128025	0.463415	-0.179565	-0.067800	0
0238	0.194525	-0.107605	0.131510	0.055235	0
0973	0.067590	0.052975	-0.117185	0.019999	1
0820	-0.076610	-0.254830	0.333895	0.008749	1
0492	0.153160	-0.166575	0.256525	0.041335	0
0276	0.171560	0.313185	-0.097565	-0.018083	0
1346	0.111395	0.204755	-0.240185	-0.105560	1
0346	-0.092920	0.394300	-0.083215	-0.091920	0
1091	-0.073140	-0.078530	0.121785	0.024913	1
0632	0.094970	0.048731	0.211325	0.040689	0
0341	0.249615	0.393265	-0.117575	-0.035992	0
1139	-0.129805	-0.467450	0.489710	-0.014009	1
0458	0.032108	0.156435	0.214665	0.032348	0
0176	0.179150	-0.189855	0.171955	-0.006251	0
0960	-0.319895	0.322395	0.054180	-0.330880	1
0460	0.038723	0.452760	-0.120445	-0.069420	0
0832	-0.019708	-0.001035	-0.003313	-0.022350	1
1021	-0.241960	0.333775	-0.012139	-0.328875	1
1186	-0.113085	-0.237140	0.317445	0.005581	1
0873	-0.047702	0.099120	-0.115815	-0.059785	1
0621	0.173130	-0.222450	0.177135	0.007715	0
1113	-0.207145	0.138745	0.034131	-0.035992	1
0780	-0.090935	-0.451830	0.450810	-0.006122	1
0586	0.216990	-0.265180	0.194015	-0.035216	0
0464	-0.097290	0.561085	0.095395	-0.172025	0
0986	0.037554	0.095805	-0.155490	-0.010259	1
0327	-0.008054	-0.323120	0.417865	-0.076080	0
0594	-0.139570	0.088670	0.338780	-0.019958	0
1119	-0.096945	0.078530	0.002299	-0.056100	1
0876	-0.093145	-0.042421	0.126885	0.004870	1
1143	-0.328865	0.340085	0.042742	-0.376720	1
0060	-0.039145	0.568015	-0.018822	-0.352475	0
0014	-0.078840	0.542150	0.127310	-0.146810	0
1364	-0.058335	-0.071185	0.146205	0.033060	1
1167	-0.109895	-0.106260	0.085755	0.022586	1
0835	-0.086315	-0.301185	0.262095	0.014762	1
0674	-0.091740	0.551670	0.159315	-0.244440	0
0811	-0.032163	0.123740	-0.147260	-0.051380	1
1228	-0.128200	-0.085255	0.075130	0.016379	1
0323	-0.086720	0.100875	0.388090	0.046766	0
0442	0.043408	0.512145	-0.074560	-0.200410	0
1328	-0.012019	-0.089185	0.106750	0.062090	1
1083	-0.069730	0.115670	-0.022250	-0.074525	1
0257	0.154670	-0.145885	0.111160	0.011142	0
1188	-0.201090	-0.415200	0.627750	-0.075495	1
1009	-0.097045	-0.434240	0.457750	0.047025	1
0721	0.260060	0.016347	0.008983	0.058985	0
0073	0.235905	0.500765	-0.197430	-0.192910	0
0258	0.110170	0.299735	0.026505	0.042499	0
0971	-0.116495	-0.497660	0.423780	-0.093665	1
0003	0.193300	-0.131915	0.096210	0.005323	0
1250	-0.169000	-0.035385	0.126625	0.035904	1
1156	0.050585	0.045110	-0.117530	0.021357	1
0574	0.142605	0.458550	-0.182305	-0.060235	0
0368	0.161470	0.386955	-0.018908	-0.127025	0
0743	0.033096	0.482970	-0.014410	-0.083190	0
0480	0.104810	0.123845	0.096895	-0.002048	0
0829	-0.129560	-0.005277	0.063990	0.052070	1
0573	0.275200	0.518355	-0.220650	-0.201055	0
0118	0.105400	0.339775	-0.008540	0.024525	0
0926	0.087125	0.184165	-0.200645	-0.086035	1
0006	0.218420	0.483590	-0.198030	-0.158125	0
1280	-0.265060	0.369575	0.001485	-0.369935	1
0914	-0.211245	0.313495	0.007911	-0.277285	1
1063	-0.005858	0.030211	-0.019294	-0.002953	1
0810	-0.085075	-0.000518	-0.049669	-0.026552	1
1005	-0.185905	-0.425445	0.618150	-0.047759	1
0446	0.159435	-0.170715	0.138710	-0.010130	0
0137	0.271900	0.473345	-0.247085	-0.196010	0
0012	0.199495	-0.135330	0.119730	0.043146	0
1054	-0.041768	0.040247	-0.082055	-0.009613	1
0333	0.177970	0.065390	0.064550	0.082780	0
0569	0.217175	0.166475	0.041799	0.032478	0
0762	0.112520	0.178785	0.017637	0.014180	0
0970	-0.108930	-0.322395	0.301720	-0.010389	1
1317	-0.080145	-0.019452	0.081000	0.095515	1
0055	0.246320	0.274800	-0.123870	-0.025324	0
1037	-0.119490	-0.039214	0.150705	0.038103	1
0234	0.023451	-0.031661	0.369240	0.018254	0
0085	0.162250	0.331500	-0.031718	0.043469	0
1104	-0.281850	0.406305	0.006541	-0.250710	1
0065	0.270105	0.155195	-0.057680	0.078255	0
0188	0.091570	0.318360	-0.001814	0.002478	0
0681	0.172325	0.147540	0.051355	0.027305	0
0152	-0.087995	0.596055	0.133780	-0.166205	0
1060	-0.161525	-0.360675	0.582165	-0.047307	1
1221	-0.138845	-0.284835	0.295895	0.018836	1
0389	-0.112635	0.576605	0.129495	-0.163685	0
0138	0.251600	0.410130	-0.131280	-0.051705	0
0173	-0.084760	0.053285	0.441470	0.047478	0
0531	0.286135	0.291560	-0.120485	-0.012264	0
1155	-0.018013	-0.222450	0.105335	0.047154	1
0456	0.133410	0.510800	-0.172070	-0.200345	0
1080	0.006063	0.011174	-0.023664	0.048512	1
0595	0.260160	0.175580	-0.062690	0.050645	0
1105	-0.150965	0.088875	0.036873	-0.022673	1
1363	-0.108340	0.079665	0.002256	-0.083900	1
0375	-0.075275	0.003517	0.343405	-0.025324	0
1079	-0.018507	-0.277700	0.238745	0.077350	1
0161	0.252260	0.194820	-0.071520	0.043146	0
0051	0.216195	-0.244175	0.171780	-0.028880	0
1061	-0.242130	-0.249660	0.520260	-0.026552	1
0928	-0.181135	0.199790	-0.017923	-0.195235	1
0033	0.214845	0.380850	-0.119370	-0.048082	0
0239	0.199970	0.045214	0.058465	0.084460	0
1154	-0.138055	-0.525495	0.451195	-0.097735	1
0355	0.177290	0.468590	-0.201755	-0.197820	0
0165	0.244255	0.079975	-0.000015	0.082005	0
0487	0.194160	0.320115	-0.121600	-0.049182	0
0673	0.115820	-0.131400	0.157645	-0.004311	0
0831	-0.072135	0.164610	-0.098510	-0.171960	1
0753	0.019239	0.329945	-0.016680	-0.028233	0
0296	0.107320	0.303975	-0.028890	-0.111510	0
0852	0.030366	0.197720	-0.238600	-0.224265	1
0475	0.129085	0.487730	-0.158745	-0.149785	0
1027	0.005903	0.019554	-0.049112	0.021422	1
0473	0.191920	0.309255	-0.102195	-0.001660	0
0858	0.064800	0.214275	-0.242285	-0.145065	1
0672	0.025974	-0.163165	0.154475	-0.049246	0
1251	-0.121825	0.180130	-0.070830	-0.144740	1
0767	-0.178405	-0.410650	0.504150	0.048383	1
0098	0.108080	-0.344020	0.407585	-0.004052	0
0988	-0.027824	0.160680	-0.165425	-0.139825	1
0577	0.016222	0.503350	-0.059910	-0.206420	0
0959	-0.018186	0.152195	-0.174080	-0.139180	1
1163	0.086655	0.197720	-0.237060	-0.125085	1
0551	0.198595	0.051835	0.037987	0.050065	0
0309	0.230800	0.508940	-0.210925	-0.221225	0
0703	0.187610	-0.184890	0.199715	0.065255	0
1341	-0.207395	0.356125	-0.004170	-0.320860	1
0781	-0.179005	-0.646545	0.658895	-0.128385	1
0434	0.111450	0.481625	-0.155615	-0.135820	0
0583	0.202760	0.020072	0.072815	0.032672	0
1340	0.077570	0.190065	-0.245715	-0.187415	1
0931	-0.111070	-0.011899	0.028004	0.002801	1
1329	-0.069840	-0.483490	0.473260	-0.017436	1
1031	-0.092195	-0.432375	0.383980	-0.033341	1
0645	0.151665	-0.129640	0.115915	0.015150	0
0568	0.251070	0.403820	-0.152575	-0.085775	0
0620	0.028477	0.381470	0.078770	-0.161165	0
0493	-0.092055	0.541530	0.138450	-0.154505	0
0386	0.118590	0.374540	0.000799	-0.087070	0
0282	0.203400	-0.146815	0.109960	0.025042	0
0984	-0.101680	-0.070460	0.057910	0.018254	1
0484	0.048394	0.359535	0.063990	-0.122825	0
0283	0.143850	-0.202995	0.181295	-0.016272	0
0438	0.027075	0.301595	0.084125	-0.023061	0
0708	0.232500	-0.241485	0.172765	-0.012587	0
0549	0.092665	0.307290	0.050880	-0.102005	0
0711	0.120060	0.081115	0.151560	0.035840	0
0920	0.044756	0.238690	-0.242155	-0.279545	1
1092	-0.085505	-0.439515	0.398675	-0.022738	1
0952	-0.084680	0.139260	-0.109175	-0.096380	1
0841	-0.112900	-0.466315	0.468635	-0.042975	1
1311	-0.167290	-0.025246	0.131640	0.026853	1
1158	-0.260245	0.362950	0.003541	-0.365020	1
1302	-0.186220	0.095185	-0.001771	-0.125475	1
0122	0.203565	0.520115	-0.208610	-0.237910	0
1094	0.037214	-0.188615	0.080655	0.078770	1
1024	-0.088565	-0.538325	0.510920	-0.050215	1
0017	0.133595	0.153230	0.018579	0.029310	0
1355	-0.169620	0.167820	-0.036002	-0.176165	1
0712	0.086285	-0.223485	0.411095	-0.090365	0
1229	-0.067070	-0.095810	-0.007769	-0.005992	1
1181	-0.110915	-0.062700	0.149930	0.018189	1
0764	0.019506	-0.007140	-0.001600	0.017542	1
0294	0.096700	0.000000	0.240800	-0.016984	0
0751	0.202110	-0.219550	0.237330	0.056850	0
0893	0.010716	-0.034765	0.043856	0.014827	1
0107	0.115680	0.533255	-0.176440	-0.238360	0
0024	0.046792	0.444275	-0.084155	-0.082995	0
0070	0.006163	0.449240	-0.046755	-0.121660	0
1134	-0.100230	-0.024729	0.066650	0.082715	1
0426	0.087100	-0.240450	0.410710	-0.103295	0
0868	-0.325420	0.438480	0.011596	-0.196850	1
0923	-0.070870	-0.112675	0.075900	0.030991	1
0104	0.166985	-0.230725	0.199115	-0.011876	0
0556	0.114465	0.186650	0.031560	-0.019893	0
1173	-0.347995	0.449655	0.010910	-0.228600	1
1030	-0.061845	-0.084530	0.125900	0.025818	1
1316	-0.147490	-0.413650	0.513230	0.058145	1
1291	0.005516	0.098705	-0.168340	-0.032630	1
0075	0.220345	0.545360	-0.228875	-0.221355	0
0508	0.230070	0.281320	-0.106175	0.009655	0
1242	-0.114055	-0.042835	0.135925	0.002219	1
0219	-0.008368	0.381370	0.060305	-0.181205	0
1217	0.030025	0.049973	-0.110630	0.004870	1
0951	-0.104455	-0.024211	0.085200	0.087175	1
0266	0.079700	0.235275	0.068790	0.004094	0
1135	-0.085315	0.139780	-0.118900	-0.117455	1
0842	-0.194290	-0.642305	0.639785	-0.156765	1
0435	0.281360	0.504285	-0.214655	-0.190710	0
0111	0.199610	-0.223380	0.186520	-0.005475	0
0938	-0.145100	-0.382815	0.591590	-0.042134	1
0041	0.208555	0.436100	-0.151120	-0.029850	0
0894	-0.038644	-0.372365	0.324600	0.018060	1
0277	0.202600	-0.008278	0.022692	0.025624	0
0340	0.091025	0.337810	0.000500	0.019741	0
1362	-0.078660	0.053180	-0.035616	-0.041940	1
0710	0.163460	0.170920	0.010353	-0.003341	0
0186	-0.062685	0.544015	0.096550	-0.216185	0
0936	-0.092240	0.062700	0.013609	-0.053640	1
0787	-0.104810	-0.355295	0.330940	-0.016854	1
1239	-0.054705	0.115360	-0.126185	-0.072265	1
0062	0.024833	0.276350	0.088925	-0.023578	0
0579	0.108760	-0.040455	0.255110	-0.033988	0
0656	0.132810	0.535220	-0.165425	-0.203835	0
1270	-0.106205	-0.344845	0.279960	-0.023578	1
0388	0.231805	-0.133055	0.141790	0.059955	0
0128	0.189090	-0.144230	0.112790	-0.007867	0
1237	-0.103310	0.008484	-0.050270	-0.041488	1
0252	0.028731	0.505525	-0.084585	-0.219610	0
1184	-0.178705	0.197200	-0.003956	-0.106015	1
0855	-0.128770	-0.282870	0.305150	0.032607	1
0308	0.080160	-0.239315	0.425965	-0.106015	0
0194	0.241360	0.153435	0.034302	0.040366	0
0647	0.058100	0.514630	-0.064105	-0.201960	0
0503	0.100255	-0.343190	0.406600	-0.012005	0
0034	-0.048256	0.470555	0.086525	-0.243145	0
1029	-0.136320	0.196065	-0.024606	-0.181855	1
0770	-0.044705	0.159955	-0.091095	-0.147260	1
0058	0.290350	0.250485	-0.111920	0.021939	0
0828	-0.190365	-0.404855	0.508860	0.032542	1
0359	0.134585	0.540805	-0.165000	-0.214440	0
0046	-0.039345	0.478315	-0.189335	-0.375170	0
1095	0.100885	0.089910	-0.147905	0.010495	1
1045	-0.074520	-0.110915	0.080270	0.044697	1
0736	0.176790	0.335430	-0.040929	0.023943	0
0069	0.050045	0.389230	-0.014110	-0.133040	0
0319	0.078995	-0.235380	0.395930	-0.077435	0
0292	-0.110765	0.598125	0.003927	-0.389265	0
0047	0.104215	0.331290	0.024191	-0.110670	0
0278	0.068190	-0.238795	0.420910	-0.094180	0
1267	-0.071885	-0.071600	0.105720	0.021034	1
0298	0.063530	0.401750	-0.009826	-0.109440	0
0225	-0.018019	0.205790	0.155715	-0.018600	0
0775	-0.030721	-0.004553	-0.015909	0.025107	1
0969	-0.097775	0.010346	0.062365	-0.018535	1
0365	0.289115	0.278940	-0.120445	-0.002824	0
1282	-0.139540	-0.285665	0.297650	0.022973	1
0367	0.175945	0.316600	-0.088955	-0.001014	0
0001	0.181080	0.433305	-0.140365	-0.022350	0
0067	0.230270	-0.203825	0.137935	0.015991	0
0925	0.079520	0.110605	-0.155915	-0.005863	1
0032	0.074420	0.181370	0.165400	0.024461	0
0756	0.235570	0.103775	-0.013510	0.061895	0
1200	-0.145690	-0.473555	0.488340	-0.030108	1
1017	-0.100210	-0.468380	0.466665	-0.005152	1
0295	0.125340	0.057940	0.196245	0.006293	0
1133	-0.169420	-0.410750	0.516575	0.049094	1
0114	0.210940	0.340810	-0.064020	0.038038	0
0246	0.210670	-0.140300	0.100580	0.033706	0
0416	0.190115	-0.193480	0.202200	0.047672	0
0162	0.177495	0.430825	-0.163970	-0.060045	0
0679	0.123365	0.069630	0.085625	0.020711	0
0412	0.200235	0.022969	0.068105	0.080905	0
1182	-0.179475	-0.328600	0.526255	-0.008191	1
0943	-0.168965	-0.688655	0.896370	-0.101615	1
1126	-0.179925	-0.682965	0.880260	-0.124635	1
1295	-0.351820	0.464655	0.008297	-0.226980	1
0002	0.227295	0.408370	-0.122930	-0.073105	0
0248	0.102985	-0.049663	0.260595	-0.014656	0
1261	-0.150000	-0.457830	0.478830	-0.036509	1
0666	0.091865	0.306460	0.042014	0.027629	0
1305	-0.264715	-0.257315	0.516660	-0.055905	1
1025	-0.150305	-0.611885	0.597760	-0.108015	1
1257	-0.108260	0.151055	-0.120660	-0.121205	1
0093	0.215320	0.410340	-0.139120	-0.071680	0
0382	0.270940	0.507285	-0.204200	-0.184955	0
0115	0.089095	0.345880	-0.063720	-0.078795	0
0981	0.031828	0.260110	-0.260795	-0.306055	1
0255	0.200510	0.532840	-0.206940	-0.253230	0
0430	0.127515	-0.247590	0.318645	-0.020798	0
0589	-0.013901	0.409405	-0.156690	-0.126380	0
0179	-0.006572	-0.088875	0.416580	0.017607	0
1120	-0.071875	-0.093120	0.201300	0.027564	1
0390	0.189910	0.521150	-0.208010	-0.248640	0
0133	0.100695	0.307080	0.018965	0.028469	0
0948	-0.084100	-0.340605	0.356990	0.066615	1
1336	-0.078405	-0.362230	0.327685	-0.006380	1
0571	0.196910	0.046455	0.039272	0.033835	0
0290	0.162110	0.311325	0.006112	-0.072330	0
0247	0.082360	0.024107	0.237245	0.061250	0
0791	0.058220	0.190475	-0.247040	-0.204545	1
0776	-0.018253	0.144640	-0.182305	-0.153015	1
0553	0.184470	0.494350	-0.203940	-0.218320	0
0090	0.190135	0.040765	0.105205	0.051225	0
0193	0.072890	-0.004243	0.208925	0.029568	0
1075	-0.020983	0.145470	-0.089295	-0.110345	1
1349	-0.148930	0.117225	0.026334	-0.020087	1
0437	0.018990	0.035490	0.037860	-0.022220	0
1087	-0.031342	-0.315050	0.239215	0.055300	1
0800	-0.161190	0.139675	0.016137	-0.043039	1
0652	0.147855	-0.229690	0.295340	0.028598	0
0816	-0.155640	-0.342050	0.537010	-0.050860	1
0147	0.192920	0.039213	0.055165	0.085040	0
0119	0.144845	0.035384	0.114500	0.093315	0
1214	-0.131000	-0.342775	0.310845	-0.031143	1
1318	-0.063335	0.140915	-0.121300	-0.094310	1
1114	-0.134320	-0.004863	0.030832	0.003060	1
0803	0.030025	0.096635	-0.164440	-0.016208	1
0862	-0.118985	-0.072010	0.056365	0.008038	1
0933	0.013259	0.120330	-0.142080	-0.029979	1
0987	0.042273	0.174130	-0.181535	-0.069805	1
0027	0.057160	-0.187065	0.278885	-0.031789	0
0677	0.014981	0.356640	-0.015738	-0.059140	0
0015	0.170200	0.436305	-0.149575	-0.028621	0
0501	0.193220	0.185305	0.035202	0.017607	0
0083	0.250925	0.429890	-0.146875	-0.064050	0
0913	0.061395	0.201545	-0.232175	-0.195625	1
1157	0.048354	0.192130	-0.246570	-0.206615	1
1066	-0.180060	-0.326945	0.526170	-0.024484	1
0601	0.057790	0.320015	0.077530	0.034805	0
0274	0.134730	0.339880	-0.020151	0.022456	0
0685	-0.103795	0.541115	0.132195	-0.241850	0
1028	0.005843	0.186750	-0.221895	-0.218705	1
0467	0.057360	0.179925	0.096935	-0.021703	0
1263	-0.050250	0.004242	-0.012310	0.022844	1
1201	-0.091715	-0.329535	0.282145	0.027499	1
0663	0.148680	0.439720	-0.181795	-0.068770	0
0448	0.195605	0.148675	0.046426	0.030279	0
0372	0.207645	-0.196790	0.143165	-0.000884	0
0558	0.202025	0.025762	0.051395	0.055300	0
0921	-0.274040	0.409095	0.013909	-0.251615	1
0272	0.269575	0.499730	-0.190405	-0.168210	0
0606	0.053260	0.418410	-0.070020	-0.082545	0
0450	0.197070	-0.164510	0.158370	0.054330	0
1174	-0.237310	0.156025	0.053750	-0.064830	1
0524	0.106595	-0.102015	0.127870	-0.003083	0
0215	0.209810	0.037247	0.041628	0.037650	0
0345	0.179910	0.356535	-0.065175	0.010624	0
1197	-0.100745	0.184370	-0.096925	-0.194590	1
0148	0.087480	-0.008795	0.259135	0.064610	0
1236	-0.176795	0.015209	0.032845	-0.014785	1
1255	-0.194470	-0.391610	0.491040	0.023749	1
0724	0.037421	0.363780	0.057520	-0.026940	0
0413	0.188835	0.488970	-0.195375	-0.176615	0
0941	0.009434	0.035074	-0.025591	0.000279	1
1230	0.011937	0.104395	-0.167610	-0.033277	1
0784	0.023684	0.168025	-0.225320	-0.202155	1
0343	0.201645	0.011588	0.044541	0.059115	0
0962	-0.059295	-0.062595	0.113175	0.038620	1
0174	-0.055965	0.536355	0.104690	-0.282520	0
1296	-0.247235	0.165025	0.053150	-0.072200	1
0378	-0.099610	0.582710	0.132710	-0.260535	0
1148	-0.084940	-0.355815	0.289510	0.008362	1
0739	0.046352	0.471590	-0.033132	-0.083640	0
0306	0.051420	0.488350	-0.068435	-0.089265	0
0544	-0.071085	0.582710	-0.002885	-0.355125	0
0940	-0.102645	0.191925	-0.039772	-0.060690	1
1014	-0.025408	0.143400	-0.090540	-0.113060	1
0019	0.072395	-0.243970	0.417140	-0.105430	0
0286	0.088735	-0.321670	0.407500	-0.044914	0
0222	0.120980	0.323325	-0.037844	0.011400	0
1093	-0.077860	-0.494040	0.405440	-0.054030	1
0023	0.196810	0.508110	-0.191175	-0.200860	0
1090	-0.149105	0.209930	-0.029490	-0.198210	1
0117	0.194845	0.370815	-0.091225	0.007004	0
0877	-0.179580	-0.311425	0.511945	-0.057715	1
0407	0.007392	0.397300	0.053710	-0.167045	0
0362	0.169240	0.163370	0.045484	0.012564	0
0096	-0.032236	-0.230310	0.417350	-0.135495	0
1130	-0.020476	-0.007761	0.003027	-0.004440	1
0262	0.157785	0.144540	0.029847	0.039913	0
1131	-0.114590	-0.362850	0.397985	0.046055	1
1106	-0.083530	-0.104500	0.079200	0.035581	1
0967	0.024399	0.178370	-0.219410	-0.190580	1
0180	0.119625	0.489900	-0.151805	-0.141120	0
0103	0.255645	-0.024936	0.031432	0.055945	0
0575	0.058380	0.457830	-0.104335	-0.040324	0
0717	0.025975	-0.163165	0.154475	-0.049245	0
0564	0.205975	0.546290	-0.194645	-0.209010	0
0185	-0.087795	0.597295	0.154730	-0.244890	0
0468	0.148710	0.448000	-0.145120	-0.051895	0
0381	0.075495	0.001965	0.311660	-0.015173	0
0604	0.188175	0.139055	0.033060	0.017090	0
0072	0.206865	0.024624	0.054650	0.091380	0
1202	-0.043670	-0.001656	-0.010083	0.027887	1
0996	-0.106170	0.059075	-0.027776	-0.040583	1
0875	-0.139950	0.098395	-0.021179	-0.105625	1
0347	0.204860	0.023486	0.083355	0.045797	0
0904	-0.040740	-0.286905	0.219595	0.016055	1
1244	-0.253380	-0.259385	0.521330	-0.043363	1
0030	0.244530	-0.167920	0.171010	0.054525	0
1142	-0.024541	0.142260	-0.182180	-0.155020	1
0797	0.082040	0.212515	-0.245115	-0.133105	1
0040	0.174025	0.485040	-0.187705	-0.171895	0
0505	0.141485	0.317425	-0.036773	-0.029333	0
0158	0.197395	-0.188615	0.144150	0.000991	0
0659	0.052000	-0.346605	0.414440	-0.064955	0
0734	0.191220	-0.155405	0.122685	0.026012	0
0636	0.094835	-0.125815	0.140465	-0.039871	0
1300	-0.054010	0.109980	-0.129310	-0.063795	1
1246	-0.056530	0.092290	-0.067875	-0.069030	1
0395	-0.113115	0.605885	0.014423	-0.387905	0
0053	0.157260	0.291250	-0.025720	-0.074720	0
1098	-0.129595	-0.052765	0.194745	0.038879	1
0360	-0.116210	0.575880	0.091155	-0.268750	0
0924	0.021415	-0.047491	-0.053655	0.016055	1
0403	0.098235	0.346915	0.028861	0.033189	0
0422	-0.057485	0.064770	0.385050	0.031314	0
0449	0.196820	0.529425	-0.186250	-0.215665	0
0678	0.012518	0.466310	-0.184365	-0.312715	0
0285	-0.065000	0.513390	-0.147650	-0.293190	0
0593	0.047813	0.123640	0.222890	0.010818	0
0228	-0.132395	0.506870	-0.066550	-0.273535	0
0354	0.044436	0.267245	0.102250	-0.009678	0
0823	-0.153655	-0.026591	0.119385	0.038814	1
0772	-0.049270	-0.333050	0.291225	0.027305	1
0836	-0.047128	0.001965	-0.012096	0.015797	1
0010	0.076780	0.458860	-0.113590	-0.036768	0
1144	-0.123105	0.138225	-0.031289	-0.142865	1
0031	-0.012406	-0.008899	0.245340	0.007715	0
1225	0.013439	0.249350	-0.257540	-0.319565	1
0692	0.028530	-0.001240	0.062105	-0.028105	0
1169	0.037034	0.086495	-0.159815	-0.007285	1
0954	-0.004610	0.019658	-0.016423	-0.006897	1
0335	0.196470	0.070560	0.090380	0.044891	0
0874	-0.110865	0.073355	-0.036345	-0.058620	1
0806	-0.180425	0.166265	-0.025977	-0.178685	1
0463	0.246810	0.380230	-0.117145	-0.042651	0
0008	0.104610	-0.340500	0.423180	-0.030108	0
0518	0.088100	0.218410	0.106920	0.037715	0
0198	0.095785	0.304080	0.011853	-0.100580	0
0297	0.002599	0.352605	-0.102705	-0.157540	0
0393	0.043368	0.278215	0.083825	-0.008385	0
0998	-0.071165	-0.049456	0.117930	0.019741	1
1224	0.067015	0.206615	-0.235090	-0.129935	1
1286	0.014760	0.244280	-0.257450	-0.311615	1
1141	-0.026536	-0.004863	-0.010897	0.052130	1
0774	-0.076260	-0.312670	0.267620	0.029956	1
0511	0.178850	0.120020	0.094540	0.036616	0
1016	-0.045392	-0.395130	0.339035	0.017090	1
0123	-0.072860	0.456070	0.087125	-0.256205	0
0689	0.131065	0.289595	0.003284	-0.078795	0
0379	0.142615	0.450480	-0.188050	-0.166855	0
0039	0.228395	0.159645	-0.105275	0.014827	0
0871	-0.097115	0.018830	-0.064490	-0.041229	1
1205	-0.138615	0.163885	-0.046755	-0.157285	1
0847	-0.107025	-0.008381	0.066050	-0.010453	1
1010	-0.178565	-0.624610	0.744405	-0.023514	1
1008	-0.008648	-0.059080	0.069090	0.036680	1
0163	0.008673	0.393475	0.013438	-0.189415	0
0068	0.121175	0.476660	-0.153945	-0.138730	0
0125	-0.045859	0.499420	0.059020	-0.261315	0
0552	0.176700	0.468070	-0.181580	-0.062305	0
0005	0.016462	-0.222760	0.228590	-0.049440	0
1211	0.001251	0.169990	-0.221635	-0.213275	1
0846	-0.194130	0.244900	-0.046156	-0.254005	1
0916	-0.087450	-0.316600	0.304935	0.007133	1
0534	0.002265	0.336670	0.053540	-0.046660	0
1367	-0.120500	0.187165	-0.020108	-0.064765	1
1175	-0.160255	-0.007140	0.048783	0.002284	1
0301	0.016460	-0.222760	0.228590	-0.049440	0
0612	0.190985	0.449755	-0.219150	-0.201635	0
0748	-0.001179	0.358710	0.039229	-0.037867	0
0288	0.044803	0.527355	-0.070875	-0.201635	0
0749	0.042787	0.000413	0.330210	-0.026552	0
0428	-0.065000	0.513390	-0.147650	-0.293190	0
0957	-0.053720	-0.315565	0.267750	0.040236	1
0609	0.254300	0.163990	-0.063505	0.055945	0
0864	0.010108	0.095910	-0.164140	-0.030884	1
1365	-0.141955	-0.331500	0.524245	-0.021057	1
1012	-0.092415	0.015519	0.038672	0.070945	1
0956	-0.110415	-0.455345	0.449955	-0.014203	1
0159	0.113170	-0.224310	0.182790	-0.030626	0
1041	0.089375	0.239000	-0.256810	-0.161810	1
0909	-0.089300	-0.405785	0.354290	-0.060560	1
0843	-0.094845	-0.339465	0.263805	-0.016272	1
0507	0.104650	0.415305	0.001142	-0.163620	0
0357	0.136030	0.454105	-0.165555	-0.048406	0
0400	0.148475	0.281110	0.013781	-0.057780	0
1099	-0.090230	-0.340705	0.335095	0.058405	1
0865	0.029912	0.175060	-0.198975	-0.089205	1
0353	0.016460	-0.222760	0.228590	-0.049440	0
0845	0.000483	0.178060	-0.220350	-0.220515	1
1264	-0.043917	0.162850	-0.183890	-0.164720	1
1128	-0.118145	-0.005277	0.096680	0.056790	1
0699	0.162015	-0.185410	0.264020	0.020646	0
0644	0.019126	0.340605	0.090640	-0.030626	0
0837	-0.044785	0.150125	-0.180335	-0.172285	1
0947	-0.000064	0.006932	-0.009826	0.000409	1
0668	-0.002400	-0.028039	0.386075	0.022650	0
0887	-0.082570	-0.424925	0.455610	0.061895	1
0985	-0.034873	-0.088360	-0.017237	-0.006186	1
0261	0.188655	0.360365	-0.084070	-0.047371	0
1152	-0.115710	-0.034247	0.099165	-0.022415	1
0334	0.150045	0.290630	-0.111530	-0.033277	0
0154	0.172955	0.555600	-0.210195	-0.254655	0
0397	0.133995	0.156745	0.017037	0.029245	0
0788	-0.133425	-0.522595	0.455695	-0.086615	1
0502	0.064995	0.128810	0.100535	-0.009484	0
0817	-0.242770	-0.295185	0.549090	-0.041100	1
1287	-0.321235	0.476555	0.001142	-0.342585	1
0907	-0.145730	0.202685	-0.022850	-0.201635	1
0722	-0.022531	-0.068390	0.354290	-0.020152	0
0374	0.095525	0.443550	-0.116930	-0.037802	0
0856	-0.093910	-0.329325	0.242430	-0.001078	1
0591	0.231760	-0.150435	0.133865	0.060600	0
0313	0.079510	0.114740	0.162015	0.009202	0
0826	-0.111700	-0.351570	0.374680	0.030667	1
0949	-0.174585	-0.608680	0.718445	-0.030820	1
0599	0.055250	0.372160	0.020550	-0.151660	0
0043	-0.000345	0.464655	-0.020622	-0.098190	0
1070	-0.072270	-0.421925	0.442415	0.048447	1
0646	0.146165	0.302320	-0.005584	-0.029333	0
1275	-0.127630	-0.368125	0.346275	-0.033406	1
1171	-0.017445	0.159645	-0.170270	-0.159160	1
0972	0.000156	-0.200305	0.089780	0.045861	1
1204	-0.336935	0.349395	0.033917	-0.379435	1
0029	0.328165	0.490935	-0.220565	-0.161290	0
0523	0.026428	0.048214	0.201215	-0.052415	0
1117	-0.024974	0.088670	-0.112345	-0.034052	1
0763	-0.069855	0.165955	-0.069635	-0.099740	1
1271	-0.037162	-0.016451	-0.021393	0.011659	1
0141	0.104555	0.047179	0.227560	0.061700	0
1343	-0.087395	-0.291150	0.293495	0.060600	1
0705	0.185110	0.349710	-0.092555	-0.006445	0
1150	0.016663	0.165540	-0.225405	-0.200600	1
1231	0.031060	0.183855	-0.203855	-0.103555	1
0945	-0.106050	-0.002794	0.097450	0.067650	1
0169	-0.090150	0.594090	0.102290	-0.263640	0
0361	0.135805	-0.210030	0.209570	0.008491	0
1019	-0.020402	0.027107	-0.026363	0.032930	1
1354	0.005796	0.161095	-0.171510	-0.142285	1
0744	0.239630	0.085355	-0.002585	0.074630	0
0273	0.220360	-0.003518	0.102080	0.056595	0
0520	0.173345	0.343500	-0.052840	-0.036574	0
0815	-0.062840	-0.073665	0.143590	0.022327	1
0819	0.012197	0.073665	-0.070960	-0.029268	1
0735	0.139805	0.106050	0.091925	0.019159	0
1293	-0.038397	0.172990	-0.172025	-0.171380	1
1207	-0.121745	-0.462485	0.449610	-0.025001	1
1074	-0.085320	0.165440	-0.114145	-0.109890	1
1356	-0.308160	0.435480	-0.010811	-0.181725	1
0129	0.233445	0.065490	0.002770	0.095450	0
0999	-0.154330	-0.331810	0.527025	-0.044591	1
1259	-0.031022	0.027935	-0.019294	-0.033212	1
0545	0.212290	0.059905	0.033317	0.047348	0
0380	0.213860	0.124775	0.024277	0.018060	0
0204	0.208785	0.513075	-0.192760	-0.215280	0
0344	0.033009	0.519390	-0.070145	-0.195755	0
1178	-0.044771	0.101395	-0.118260	-0.063730	1
1358	-0.129495	-0.019555	0.046726	0.021486	1
0519	0.212030	-0.124260	0.080400	0.035775	0
0489	0.056575	0.396060	0.054650	-0.142220	0
1347	0.062860	0.243655	-0.264305	-0.293705	1
0918	0.078155	0.044800	-0.098510	0.032736	1
0233	0.112980	-0.001656	0.236775	-0.013880	0
0795	-0.081220	-0.317220	0.232875	0.008491	1
1290	-0.070470	-0.106260	-0.005199	-0.009613	1
0515	0.100765	0.092395	0.156875	0.021422	0
1357	-0.203930	0.146195	0.043513	-0.032695	1
0512	0.197165	0.125085	0.076075	0.045150	0
0113	0.161755	0.482350	-0.160370	-0.129740	0
1314	-0.075390	-0.365955	0.394905	0.061445	1
0218	0.066320	0.051630	0.282830	-0.020669	0
0500	0.044222	0.329530	0.027919	-0.022091	0
1342	-0.113125	-0.004967	0.140635	0.024331	1
0935	-0.080880	0.054630	-0.017751	-0.029979	1
0226	0.067810	0.160680	0.217325	0.039331	0
1043	-0.258305	0.402165	0.002213	-0.224915	1
1177	-0.029794	0.124055	-0.143365	-0.044914	1
1274	-0.118375	-0.021832	0.084600	-0.021509	1
0398	-0.019908	0.298905	0.069560	-0.058105	0
0541	0.198860	0.016761	0.112830	0.108125	0
0329	0.175760	0.341120	-0.033689	-0.023449	0
0796	0.025407	0.023900	-0.099020	0.028857	1
0849	-0.145490	-0.503560	0.420780	-0.099740	1
1322	-0.099830	-0.475005	0.484100	-0.006445	1
0094	0.122430	-0.315875	0.398160	0.010301	0
0214	0.034044	0.116295	0.245425	0.027499	0
0771	0.017170	0.006208	-0.014367	0.007327	1
0338	0.050955	0.116500	0.246670	0.041465	0
0804	0.045658	0.166885	-0.202785	-0.083705	1
0213	0.130700	0.400405	-0.186290	-0.065345	0
0619	0.092960	0.160370	-0.007983	-0.013104	0
0037	0.134405	0.300975	-0.023321	-0.034634	0
0106	0.177190	0.061975	0.099850	0.107735	0
0363	0.087260	0.240140	0.104390	0.031314	0
0851	0.041813	0.055355	-0.123530	-0.003147	1
0757	0.200635	0.507385	-0.196830	-0.203640	0
0759	0.196550	0.092705	-0.001171	0.061570	0
0366	0.194995	0.086700	0.080055	0.048383	0
0857	0.012131	0.028659	-0.097010	0.022004	1
1159	-0.166015	-0.001346	0.148090	-0.022479	1
1369	-0.069435	-0.243865	0.323870	0.017090	1
0566	0.078505	0.395645	0.014509	-0.109765	0
0250	0.050675	0.422755	-0.083600	-0.104075	0
0477	0.018990	0.035490	0.037860	-0.022220	0
0782	-0.091095	-0.344120	0.273405	0.002866	1
